For person 1
[0, 25, 30, 35, 40, 45, 50, 70, 75, 90, 110]

For person 2
[5, 10, 15, 25, 35, 45, 65, 70, 85, 95, 105]

For person 3
[0, 10, 20, 30, 40, 50, 60, 70, 80, 90, 110]

For person 4
[0, 20, 30, 40, 50, 60, 70, 80, 90, 100, 110]

For person 5
[0, 10, 20, 30, 40, 50, 60, 70, 90, 100, 110]

For person 6
[0, 10, 20, 30, 40, 50, 70, 80, 90, 100, 110]

For person 7
[0, 10, 20, 25, 40, 45, 50, 80, 85, 90, 110]

For person 9
[0, 10, 20, 30, 40, 50, 70, 80, 90, 100, 110]

For person 10
[0, 5, 15, 20, 25, 55, 60, 65, 85, 95, 105]

For person 11
[0, 20, 30, 40, 50, 60, 70, 80, 90, 100, 110]

For person 12
[0, 10, 20, 30, 50, 60, 70, 80, 90, 100, 110]

For person 13
[5, 15, 20, 25, 35, 45, 55, 65, 75, 85, 105]